&shape
    ishape = 2
    isol = 0
    ellip = 1.6
    tria = 0.4
    quad = 0.0
    imesh = 2
    xr1 = 1.0
    sig1 = 0.003
    ias = 1
    mharm = 256
    xr2 = 0.995
    sig2 = 0.01
    mfm = 512
    fm = 2.429696382192708, -0.0, -0.054363099548092195, -0.060375825640225325,
         -0.24697978347237529, 0.013220888458514274, 0.08176903868685823,
         0.03560447422984393, 0.035057938026099564, -0.024611024380561484,
         -0.040013213894589575, -0.015594615284802426, -0.001115651460405765,
         0.021309297153315566, 0.01873556881681978, 0.0023566537758617024,
         -0.0036394258058352353, -0.01428124371612759, -0.009788614824941918,
         0.0030766995122994095, 0.0040710502423740285, 0.00819931579576465,
         0.0054464835867174075, -0.004267167774752858, -0.003947652976983648,
         -0.004160401677213014, -0.002806186920690603, 0.003965164424819824,
         0.003530418153203033, 0.0017980308900012961, 0.001064115183785348,
         -0.0032588500533503872, -0.002838470592961241, -0.0004395569017119729,
         2.97907966997824e-05, 0.0024784545626360018, 0.0021096041600729104,
         -0.0003550280422455151, -0.0006007403250625782, -0.0017627885415091218,
         -0.0014006296990026071, 0.0007491471055937002, 0.0008750388515244166,
         0.0011219984414351646, 0.0008351206350637488, -0.0008868813817014219,
         -0.0009023575637133758, -0.0005988693428703147, -0.0003844904652822668,
         0.0008592218381668455, 0.0008009132919840343, 0.0002136458379368203,
         6.550063948758499e-05, -0.0007263382508290649, -0.0006493879776720501,
         5.1114918764445395e-05, 0.0001255716343040295, 0.0005541167176032279,
         0.00046959911121137986, -0.0002018965429044541, -0.00023135970740132653,
         -0.00037231387020853987, -0.00029329087516938605, 0.00026613083545752196,
         0.0002671638005858303, 0.00021127041888416203, 0.00015014475860421675,
         -0.00026954609662405507, -0.00024530380470007284, -8.806156481206112e-05,
         -4.105229766113235e-05, 0.00023255284913373787, 0.00019903449095459778,
         7.468294859854301e-06, -3.0045579969020272e-05, -0.00017327537601118716,
         -0.00014600220576843284, 4.376753259918901e-05, 6.544279676209506e-05,
         0.00011562370536797998, 9.355578181547038e-05, -6.392392875074655e-05,
         -7.103620265474223e-05, -6.245609837759795e-05, -4.4358729799165244e-05,
         6.688041802097903e-05, 6.276385624392476e-05, 2.539585752214465e-05,
         1.251646863002629e-05, -5.694579949353018e-05, -4.566366505041556e-05,
         -3.411934652401234e-06, 4.415036875822452e-07, 4.009947894576122e-05,
         2.7645482956021878e-05, -2.247802995866451e-06, -1.1949945666819464e-06,
         -1.956161513693837e-05, -1.0604601750141458e-05, 1.6846586870403252e-07,
         -3.112814140088715e-06, 5.187204359410995e-06, 2.3614360202744384e-06,
         5.469328196349815e-06, 1.1623135710494597e-05, -3.184581842536578e-07,
         -2.292380576307751e-06, -1.4742402382385746e-05, -1.9785198731493357e-05,
         3.903550613351945e-06, 6.883575044746399e-06, 2.4093702444450735e-05,
         2.6235494256976352e-05, -1.1237925019320626e-05, -1.5001044005803383e-05,
         -2.6783062505364377e-05, -2.612246583320289e-05, 2.0930142003521963e-05,
         2.5785729238599273e-05, 2.4589189250767717e-05, 1.952326313499211e-05,
         -3.285247978878867e-05, -3.882563187849325e-05, -1.6910091134256946e-05,
         -1.1656766529012737e-05, 4.1557608211459714e-05, 4.540968967472415e-05,
         3.6725927112479106e-06, -1.1935722185851315e-06, -4.6321474354008654e-05,
         -4.510076437565643e-05, 1.0545088675897217e-05, 1.817805238162054e-05,
         4.4579716033860345e-05, 4.0409638894066285e-05, -2.546438003516794e-05,
         -3.177572553105195e-05, -3.6925302028125576e-05, -2.9969850532742113e-05,
         3.768971790232914e-05, 4.3398229962728513e-05, 2.451280953037698e-05,
         1.4583914958538151e-05, -4.5909651437166414e-05, -5.148003905414955e-05,
         -8.063316979578907e-06, -1.962693184518962e-06, 4.9530374782149713e-05,
         4.872526321232347e-05, -7.839429746094527e-06, -1.7114828170924456e-05,
         -4.8341969541584905e-05, -4.515913429066667e-05, 2.5267330332293725e-05,
         2.58056420582484e-05, 3.7680942124836714e-05, 3.0278395696488404e-05,
         -3.294119554118579e-05, -4.3623802099629695e-05, -2.874034423088138e-05,
         -2.3479949430623066e-05, 5.272313385368064e-05, 3.724138566715257e-05,
         6.306948026190752e-06, -4.4182330986173285e-06, -3.178151775545548e-05,
         -6.024396825100407e-05, -5.1016058035927346e-06, 1.0942287310277248e-06,
         6.75324721529288e-05, 2.0717651094186414e-05, -3.6476185947418156e-05,
         -3.9962370678111464e-05, -7.401762496221837e-06, -5.381202984713356e-05,
         5.722551200254245e-06, 2.843430984708352e-05, 5.529408377629843e-05,
         1.0138633809178698e-05, -6.594200848000211e-05, -3.442922362952095e-05,
         9.790863133002857e-06, 2.5157770525469684e-06, 2.3215927498658873e-05,
         5.7291350008904364e-05, 5.490857928274026e-06, 6.617206079534494e-06,
         -3.991572906095496e-05, -3.29713207713677e-05, 3.3461463972901288e-06,
         2.0214571505376725e-05, 5.027048651059866e-05, 1.5403993721237216e-05,
         -4.7385211021812133e-05, -3.627087378990155e-05, -5.863879059107456e-06,
         -2.4339945744006538e-05, 1.937289254426723e-05, 3.6424645546917166e-05,
         1.727012230361174e-05, 1.623064475105203e-05, -2.6305702324636056e-05,
         -2.983947505148825e-05, -1.2672574035847719e-05, 1.2243743897631731e-05,
         4.810408419841674e-05, 2.296420582296799e-05, -2.866686747690872e-05,
         -2.267242792605498e-05, -2.3804104381544096e-05, -2.4104775027772396e-05,
         2.262179483221947e-05, 2.233640483465491e-05, 1.3612170757234852e-05,
         2.288154749103302e-05, -7.4173757426091715e-06, -2.5972673035395957e-05,
         -2.4373553572935435e-05, -4.483710234834825e-06, 2.8182428936319537e-05,
         2.4024323663045342e-05, 3.241546121578482e-06, -1.3630926175825698e-05,
         -3.7192694311204686e-05, -1.47204768244262e-05, 2.609905901784156e-05,
         9.665329580298653e-06, 2.1147538463206138e-05, 1.56257084075224e-05,
         -2.6941048801411054e-05, 1.2076128102253876e-06, -1.2236702618168361e-05,
         -2.9088900766961044e-05, 2.3367583431147824e-05, 3.265203869749829e-06,
         6.411655513554045e-06, 3.2946551485407484e-05, -2.6584299476678534e-05,
         -1.6940979913598382e-05, 1.4662572355988785e-05, -1.7253939535081102e-05,
         1.5261244517678493e-05, 2.2126954455043905e-05, -2.969043109891724e-05,
         -1.6710499084227007e-06, 8.490911443217119e-06, -1.829069952271544e-05,
         2.0126544816325934e-05, 1.2501689794840362e-05, -1.336539319996699e-05,
         1.458012329901315e-05, -3.819725803989652e-06, -1.8529110186878642e-05,
         -1.8450856818206334e-06, -1.0833390598112186e-05, 6.041622094640692e-06,
         2.237409331138636e-05, 1.2944389488353126e-05, 4.2924815086204485e-06,
         -1.6879335633296037e-05, -1.8413179474100523e-05, -7.429132700307495e-06,
         1.4896395460346455e-06, 1.7073901463911165e-05, 7.499286679745822e-06,
         2.249461696851633e-07, 5.22730568206838e-07, -6.090137594217977e-06,
         8.526327307181758e-07, -2.1973595934805343e-06, -7.715385086618487e-06,
         -1.4745069646670726e-06, -9.746172730125467e-07, 9.180100069920824e-06,
         1.125062116138034e-05, 1.8853440594939958e-07, -2.442057588373927e-06,
         -1.0589292356006347e-05, -7.783099369631276e-06, 3.4259727234059314e-06,
         2.946000245587823e-06, 5.718491476022324e-06, 2.104981994805216e-06,
         -2.188883754172596e-06, 9.243191130715213e-09, -1.2157495407767934e-06,
         -2.072728074518404e-07, -1.3437233620869282e-06, -3.0049794923136857e-06,
         7.293297726012083e-07, 1.2031970482721335e-06, 3.0242094971687677e-06,
         1.151793011041013e-06, -1.1941164944609274e-06, -3.604151851633901e-07,
         -7.87051099157983e-07, 1.9022648454601128e-06, -1.960400792689408e-06,
         -5.307374458090327e-06, -2.385618267881806e-06, -3.259224508815343e-06,
         9.048884289643044e-06, 1.2686155018518401e-05, 1.7025232396352312e-06,
         -3.2633990248924905e-07, -1.6229861525902427e-05, -1.8744637611691925e-05,
         4.048289777489345e-06, 7.760462060807508e-06, 2.002588830228478e-05,
         1.9789193559195313e-05, -1.148709957684023e-05, -1.6364867475077988e-05,
         -1.9584585985592394e-05, -1.8979051467728556e-05, 1.9665945486774453e-05,
         2.174885838632624e-05, 1.6398276401489585e-05, 1.2452952846044578e-05,
         -2.412681226233039e-05, -2.693403594551108e-05, -1.0215452076348791e-05,
         -8.601017926516934e-06, 2.8751381403378006e-05, 2.8558198146085897e-05,
         4.038148798887433e-06, -2.5112927124909914e-06, -2.7858915727523666e-05,
         -2.8872444730393507e-05, 4.828555036445275e-06, 4.637293371154323e-06,
         2.966797106374304e-05, 2.6515559088701807e-05, -1.1502465104848818e-05,
         -2.110721264088258e-05, -2.0742406630910037e-05, -1.9745815364379684e-05,
         2.0562585260505902e-05, 1.5719407394743198e-05, 1.930234565747705e-05,
         1.3263633049399837e-05, -2.4267973640292993e-05, -3.330042932515337e-05,
         -3.7642005050312626e-06, 1.61805261853025e-06, 2.470611712263363e-05,
         1.793563751691149e-05, -1.351774535994983e-06, -2.9656741661832364e-06,
         -2.4692458916292083e-05, -2.4239638458770535e-05, 1.2786985765627249e-05,
         2.150622110167252e-05, 1.3453676385421542e-05, 1.1571146424654233e-05,
         -1.8026395236325245e-05, -1.4096306443995093e-05, -9.836064736323687e-06,
         -1.3563118713186538e-06, 1.9254705181897118e-05, 2.0189404735387165e-05,
         -1.0280515118749422e-06, -2.8605611951157595e-06, -1.9629998801838537e-05,
         -2.1857538779456428e-05, 9.950282774921212e-06, 1.344165046338131e-05,
         1.3519111947241345e-05, 5.137028936156309e-06, -1.2468814905430184e-05,
         -1.4109908600596149e-05, -9.398700312796884e-06, -7.752836079623204e-06,
         1.792569759986234e-05, 2.0467197944434758e-05, 1.5802681576071879e-06,
         1.3876740646593264e-06, -1.841029705594512e-05, -1.7325066512308618e-05,
         5.927704783224951e-06, 1.1756509363215517e-05, 1.4648795120410586e-05,
         9.736707119126136e-06, -9.666396618777868e-06, -1.1735043033160377e-05,
         -1.3386510618335824e-05, -1.346030831208962e-05, 1.4885550247705785e-05,
         1.5362620626237075e-05, 7.264042093036728e-06, 5.979367221633491e-06,
         -1.641593566095955e-05, -1.740877650089348e-05, -3.9171627820925564e-08,
         6.085520580354707e-06, 1.54952796470283e-05, 1.2917491450624162e-05,
         -2.5859906995289e-06, -5.274006191173914e-06, -1.5327398812732134e-05,
         -1.4660031451382848e-05, 7.392442292730843e-06, 7.611072241515049e-06,
         1.1437492803837289e-05, 1.1596820983277533e-05, -1.1769766804567202e-05,
         -1.3796937086328098e-05, -4.779835313312775e-06, -9.104976903129345e-07,
         1.2571170830088685e-05, 1.1982172434674214e-05, 2.475043813101928e-06,
         -9.026782645812303e-07, -1.2968704971575584e-05, -1.093442302002546e-05,
         2.6242337479575484e-07, 3.451247217194275e-07, 1.2314864817866789e-05,
         1.2448639357327337e-05, -5.011769953220341e-06, -6.734640810028057e-06,
         -7.156122113705404e-06, -6.5836740317168945e-06, 7.838781087659834e-06,
         9.666543227216645e-06, 3.8114158474491596e-06, 8.925459951527112e-07,
         -7.883313672420007e-06, -6.770015052266291e-06, -3.4415028863810815e-06,
         -1.8700812588815467e-06, 8.957181617765143e-06, 7.525477895466676e-06,
         1.2202950578032752e-06, 4.704622562990457e-07, -7.833862175003169e-06,
         -7.89437815769354e-06, 3.144116892814778e-06, 4.739604461191805e-06,
         3.7294597264212924e-06, 3.0677566335340613e-06, -4.2625689612755915e-06,
         -5.680152662708226e-06, -1.321882659960556e-06, -3.2237371616297435e-07,
         3.930051431997875e-06, 3.7300361897773265e-06, 2.05242006372522e-06,
         1.9125488775776316e-06, -4.845030009276843e-06, -4.43099355677834e-06,
         -8.652397431264603e-07, -1.2423305930922108e-06, 4.409548038724048e-06,
         4.2364967049450574e-06, -1.7974081417921225e-06, -2.2876318166130114e-06,
         -4.022431008778569e-07, -6.289395182448298e-07, 1.7810056853021288e-06,
         2.4686480334562365e-06, -1.517879705594096e-06, -2.3667429194930935e-06,
         1.4976820188424902e-07, -1.2444524260757342e-06, -5.72484249409944e-07,
         2.415006840891679e-06, 6.201516449512383e-07, 6.012616932737511e-07,
         3.1509622277894807e-06, -3.3038140100565236e-06, -3.4774405792406106e-06,
         1.5079393999246613e-06, -2.1166294210881614e-06, 3.163680793237131e-06,
         4.296929749822974e-06, -6.603640728342937e-06, 3.051650702012529e-07,
         6.8085333116247e-07, -1.8864865107356215e-06, 8.100207564182595e-06,
         7.136136791609388e-07, -6.3414427732951e-06, 6.646536637197598e-07,
         -5.126576902172377e-06, -9.470500055925444e-07, 6.853816928058307e-06,
         2.2495090649567145e-06, -3.3582239123191883e-07, 1.4363462155453536e-06,
         -4.12908096378674e-06, -3.1223451767902226e-06, -9.868119069577648e-08,
         1.1804785995742895e-06, 1.5128670756042928e-06, 4.878009112337926e-06,
         -8.459995567274269e-07, -3.81307991855969e-06, -2.409861662484815e-06,
         1.4142904424406153e-06, 7.357064391866062e-07, 4.510147511347857e-06,
         2.1185824253369476e-06, -2.7890172144344016e-06, -5.551671811145464e-06,
         -2.1519693386554665e-06, -1.166501103725192e-06, 8.576325585181307e-06,
         3.624487003449312e-06, -1.3347139706673279e-06, 7.44202351721567e-08,
         -2.924090371344674e-06
/

&profile
    icur = 2
    ipai = 18
    igam = 5
    aga = 0.0
    ega = -1.0
    npts = 501
    apf = 1.4651517603822255
    bpf = 0.5
    cpf = 3.0
    zjz = 1.1, 1.097301350450338, 1.094605403605411, 1.0919121621774197,
          1.0892216288867473, 1.0865338064619985, 1.083848697640043, 1.0811663051660567,
          1.0784866317935635, 1.0758096802844783, 1.0731354534091488, 1.0704639539463998,
          1.067795184683575, 1.065129148416582, 1.0624658479499347, 1.0598052860968,
          1.0571474656790394, 1.0544923895272562, 1.0518400604808393, 1.0491904813880097,
          1.0465436551058662, 1.0438995845004309, 1.0412582724466963, 1.0386197218286723,
          1.0359839355394336, 1.0333509164811665, 1.0307206675652172, 1.0280931917121405,
          1.0254684918517485, 1.0228465709231582, 1.0202274318748428, 1.0176110776646803,
          1.0149975112600038, 1.0123867356376517, 1.0097787537840197, 1.0071735686951102,
          1.004571183376586, 1.0019716008438204, 0.9993748241219511, 0.9967808562459317,
          0.9941897002605864, 0.9916013592206623, 0.9890158361908841, 0.9864331342460084,
          0.983853256470878, 0.9812762059604785, 0.9787019858199926, 0.976130599164857,
          0.9735620491208188, 0.9709963388239922, 0.9684334714209162, 0.9658734500686128,
          0.9633162779346449, 0.9607619581971749, 0.9582104940450245, 0.9556618886777339,
          0.9531161453056227, 0.9505732671498499, 0.948033257442475, 0.9454961194265199,
          0.9429618563560314, 0.9404304714961427, 0.9379019681231378, 0.935376349524514,
          0.9328536189990468, 0.9303337798568543, 0.9278168354194618, 0.9253027890198686,
          0.9227916440026129, 0.9202834037238399, 0.9177780715513675, 0.9152756508647557,
          0.9127761450553744, 0.9102795575264715, 0.9077858916932435, 0.9052951509829059,
          0.9028073388347619, 0.900322458700276, 0.8978405140431445, 0.8953615083393673,
          0.8928854450773229, 0.8904123277578406, 0.8879421598942747, 0.8854749450125803,
          0.8830106866513876, 0.8805493883620792, 0.8780910537088658, 0.8756356862688648,
          0.8731832896321774, 0.8707338674019676, 0.8682874231945414, 0.8658439606394279,
          0.863403483379459, 0.860965995070851, 0.8585314993832869, 0.8561000000000001,
          0.8536715006178563, 0.8512460049474393, 0.8488235167131353, 0.8464040396532189,
          0.8439875775199395, 0.841574134079609, 0.8391637131126892, 0.8367563184138813,
          0.8343519537922148, 0.8319506230711384, 0.8295523300886114, 0.8271570786971953,
          0.8247648727641463, 0.8223757161715102, 0.819989612816215, 0.8176065666101682,
          0.8152265814803519, 0.8128496613689202, 0.8104758102332967, 0.8081050320462742,
          0.8057373307961133, 0.8033727104866444, 0.8010111751373681, 0.7986527287835579,
          0.7962973754763643, 0.7939451192829183, 0.7915959642864376, 0.7892499145863323,
          0.7869069742983126, 0.7845671475544962, 0.782230438503519, 0.7798968513106448,
          0.7775663901578762, 0.7752390592440677, 0.7729148627850388, 0.7705938050136891,
          0.7682758901801132, 0.7659611225517173, 0.7636495064133384, 0.7613410460673617,
          0.7590357458338419, 0.7567336100506237, 0.7544346430734645, 0.752138849276158,
          0.7498462330506592, 0.7475567988072105, 0.7452705509744681, 0.7429874939996315,
          0.7407076323485733, 0.7384309705059693, 0.7361575129754314, 0.7338872642796417,
          0.7316202289604865, 0.7293564115791931, 0.7270958167164676, 0.7248384489726338,
          0.7225843129677736, 0.7203334133418686, 0.718085754754944, 0.7158413418872125,
          0.713600179439221, 0.7113622721319983, 0.7091276247072043, 0.7068962419272804,
          0.7046681285756016, 0.702443289456631, 0.7002217293960749, 0.6980034532410393,
          0.6957884658601892, 0.6935767721439086, 0.691368377004463, 0.6891632853761613,
          0.6869615022155241, 0.684763032501448, 0.682567881235376, 0.6803760534414678,
          0.6781875541667723, 0.6760023884814024, 0.67382056147871, 0.6716420782754651,
          0.6694669440120359, 0.6672951638525698, 0.6651267429851782, 0.6629616866221222,
          0.6608, 0.6586416883799378, 0.6564867570477813, 0.6543352113142894,
          0.652187056515332, 0.6500422980120869, 0.6479009411912415, 0.6457629914651956,
          0.643628454272266, 0.6414973350768949, 0.6393696393698591, 0.6372453726684824,
          0.6351245405168502, 0.6330071484860267, 0.6308932021742742, 0.6287827072072754,
          0.6266756692383573, 0.6245720939487192, 0.6224719870476622, 0.6203753542728212,
          0.618282201390401, 0.616192534195413, 0.6141063585119166, 0.6120236801932627,
          0.6099445051223398, 0.607868839211823, 0.6057966884044275, 0.6037280586731618,
          0.6016629560215878, 0.5996013864840812, 0.5975433561260961, 0.5954888710444328,
          0.5934379373675092, 0.5913905612556338, 0.5893467489012847, 0.5873065065293895,
          0.5852698403976102, 0.583236756796631, 0.5812072620504495, 0.5791813625166723,
          0.5771590645868134, 0.5751403746865966, 0.573125299276262, 0.5711138448508759,
          0.5691060179406454, 0.5671018251112354, 0.5651012729640915, 0.563104368136766,
          0.5611111173032479, 0.559121527174298, 0.5571356044977874, 0.5551533560590411,
          0.5531747886811855, 0.5511999092255009, 0.5492287245917782, 0.5472612417186808,
          0.5452974675841108, 0.5433374092055803, 0.5413810736405872, 0.5394284679869973,
          0.5374795993834294, 0.5355344750096479, 0.5335931020869586, 0.5316554878786118,
          0.529721639690209, 0.5277915648701168, 0.5258652708098854, 0.5239427649446735,
          0.5220240547536783, 0.5201091477605725, 0.5181980515339464, 0.5162907736877571,
          0.5143873218817834, 0.5124877038220864, 0.5105919272614792, 0.5086999999999999,
          0.5068119298853941, 0.5049277248136024, 0.5030473927292561, 0.5011709416261801,
          0.499298379547902, 0.49742971458816954, 0.4955649548914756, 0.4937041086535903,
          0.4918471841221018, 0.48999418959696417, 0.48814513343105415,
          0.48630002403073597, 0.4844588698564346, 0.48262167942321765,
          0.4807884613013861, 0.47895922411707414, 0.4771339765528579, 0.47531272734837376,
          0.47349548530094604, 0.4716822592662244, 0.4698730581588314, 0.46806789095301954,
          0.46626676668333955, 0.46446969444531827, 0.46267668339614765,
          0.46088774275538513, 0.4591028818056642, 0.45732210989341743,
          0.45554543642961026, 0.4537728708904874, 0.45200442281833064,
          0.4502401018222299, 0.4484799175788659, 0.4467238798333068, 0.44497199839981716,
          0.44322428316268103, 0.4414807440770382, 0.43974139116973526,
          0.4380062345401902, 0.43627528436127216, 0.4345485508801963, 0.4328260444194335,
          0.43110777537763634, 0.42939375423058057, 0.42768399153212333,
          0.42597849791517783, 0.42427728409270526, 0.4225803608587245,
          0.42088773908933924, 0.4191994297437838, 0.41751544386548745,
          0.41583579258315806, 0.41416048711188536, 0.4124895387542643,
          0.41082295890153897, 0.40916075903476734, 0.40750295072600773,
          0.4058495456395277, 0.40420055553303474, 0.40255599225893074,
          0.40091586776558985, 0.399280194098661, 0.39764898340239446, 0.39602224792099494,
          0.3944, 0.3927822520876857, 0.39116901673649945, 0.389560306604521,
          0.3879561344569525, 0.3863565131676379, 0.3847614557206129, 0.38317097521168575,
          0.3815850848500504, 0.3800037979599319, 0.3784271279822662, 0.37685508847641336,
          0.37528769312190746, 0.3737249557202419, 0.3721668901966926, 0.37061351060217945,
          0.3690648311151672, 0.3675208660436066, 0.36598162982691784, 0.3644471370380159,
          0.3629174023853805, 0.36139244071517107, 0.35987226701338787,
          0.35835689640808194, 0.35684634417161276, 0.3553406257229576,
          0.35383975663007267, 0.35234375261230766, 0.3508526295428753,
          0.3493664034513786, 0.3478850905263948, 0.3464087071181219, 0.34493726974108496,
          0.3434707950769076, 0.34200929997714946, 0.3405528014662106, 0.339101316744307,
          0.3376548631905172, 0.33621345836590455, 0.334777120016715, 0.3333458660776554,
          0.3319197146752524, 0.3304986841312969, 0.3290827929663749, 0.3276720599034887,
          0.32626650387177114, 0.3248661440102961, 0.3234709996719878, 0.32208109042763344,
          0.3206964360700017, 0.3193170566180712, 0.31794297232137236, 0.31657420366444716,
          0.3152107713714304, 0.313852696410757, 0.3125, 0.3111527036108434,
          0.30981082897419543, 0.30847439808544685, 0.3071434332098799,
          0.3058179568882333, 0.3044979919424292, 0.3031835614814686, 0.30187468890750047,
          0.30057139792207327, 0.2992737125325733, 0.29798165705885976,
          0.29669525614010234, 0.2954145347418306, 0.29413951816320283,
          0.2928702320445039, 0.29160670237488084, 0.2903489555003266, 0.2890970181319218,
          0.28785091735434526, 0.2866106806346654, 0.28537633583142347,
          0.28414791120402216, 0.28292543542243237, 0.28170893757723203,
          0.2804984471899924, 0.2792939942240268, 0.2780956090955183, 0.2769033226850439,
          0.2757171663495141, 0.2745371719345454, 0.273363371787289, 0.27219579876973443,
          0.271034486272514, 0.26987946822923004, 0.26873077913133203, 0.2675884540435711,
          0.26645252862006, 0.26532303912097055, 0.2642000224299009, 0.26308351607194763,
          0.26197355823251983, 0.26087018777693494, 0.2597734442708382,
          0.25868336800149194, 0.2575999999999813, 0.2565233820643886, 0.2554535567839916,
          0.2543905675645442, 0.25333445865470194, 0.2522852751736619, 0.25124306314008615,
          0.25020786950239077, 0.24917974217047953, 0.24815873004901634,
          0.2471448830723299, 0.2461382522410563, 0.2451388896606319, 0.24414684858175562,
          0.24316218344295273, 0.24218494991537842, 0.24121520495001245,
          0.24025300682740636, 0.23929841521015516, 0.23835149119827756,
          0.2374122973876984, 0.23648089793203478, 0.23555735860789281,
          0.23464174688388, 0.23373413199352744, 0.23283458501228782, 0.23194317893872599,
          0.23105998877992578, 0.23018509164099654, 0.22931856681834079,
          0.228460495896055, 0.2276109628446046, 0.22677005412141732, 0.22593785877698633,
          0.22511446858722375, 0.22429997829558163, 0.22349448625771523,
          0.22269809643073038, 0.22191092453739503, 0.22113311639118508,
          0.22036489956703745, 0.2196067212103434, 0.2188595952983037, 0.2181259284358113,
          0.2174113700574175, 0.21672870932682983, 0.21610556717108875,
          0.21559856552801546, 0.21531753828526484, 0.21546355743919757,
          0.2163830227510316, 0.2186354690752928, 0.22306406839243073, 0.2308454249154229,
          0.2434822152386334, 0.26269484815358907, 0.2901752018049445, 0.3271939843583599,
          0.3741040315432684, 0.42984396767450417, 0.4915968877341343, 0.5547681223874774,
          0.6133934492905326, 0.6609754396128453, 0.6916018322199728, 0.7010792951880177,
          0.6877729864150268, 0.652905584702465, 0.6002246637304047, 0.5351404383376207,
          0.46359641237330934, 0.391006168212385, 0.32154640130439055, 0.2579496276719242,
          0.20173120897937097, 0.15359961228093197, 0.11376159216878079,
          0.08200533352536131, 0.05768018468021169, 0.03975441058536248,
          0.02700544211816632
/

&phys
    idete = 4
    iscalejz = 30
    neosig = .true.
    b = 0.0001
    xiab = 0.8772503300957257
    bvac = 3.476347918203675
    rvac = 2.89030875
    eps = 0.32539490806994237
    scalemix = 0.7
    zjzsmooth = 0.0
    bsmultip = 1.0
    zeff = 1.8268977404
    zimp = 4.0
    corep = 0.0
    betap = -1
    bkeep = .false.
    bsmodel = 5
    efitsig = .false.
    ifastsca = .true.
    safemode = .true.
    coreneo = 0.1
    amain = 2.0
    zmain = 1.0
    ade = 0.6236917606121823
    bde = 0.05
    cde = 1.0
    dde = 0.995
    ede = 0.01
    fde = 0.99
    gde = 1.1
    hde = 1.1
    ide = 0.028147250980789802
    ate = 6.49952466322169
    bte = 0.1
    cte = 0.1
    ddte = 0.995
    ete = 0.01
    fte = 0.99
    gte = 1.2
    hte = 1.4
    ite = -0.07586495932272072
    adaptit = 0.0
    minbserr = 1e-05
    ati = 0.0
    bti = 0.0
    cti = 0.0
    ddti = 0.0
    eti = 0.0
    fti = 0.0
    gti = 0.0
    hti = 0.0
/

&num
    nr = 201
    np = 129
    nrmap = 301
    npmap = 513
    nchi = 512
    niter = 50
    nmesh = 100
    amix = 0.0
    nrcur = 100
    npcur = 33
    errcur = 1e-11
/

&pri
    npr1 = 1
    npr2 = 1
/
